
h =

     1


p =

    0.0296


ci =

    0.0351    0.5965


stats = 

    tstat: 2.3635
       df: 18
       sd: 0.5824

